-10913
126 284 -100
346 131 -100
353 69 -100
487 468 -100
443 148 -100
424 245 -100
232 363 -100
390 239 -100
330 365 -100
357 237 -100
151 414 -100
412 256 -100
161 193 -100
493 39 -100
323 318 -99
298 349 -99
219 12 -99
55 37 -99
50 482 -99
272 420 -99
427 105 -99
345 117 -99
140 401 -99
295 119 -99
227 62 -99
151 262 -99
105 436 -99
488 245 -99
483 411 -99
118 172 -99
455 281 -99
101 308 -99
173 383 -99
294 334 -99
459 279 -99
247 128 -99
125 154 -99
64 207 -99
98 7 -99
61 485 -99
177 421 -98
176 254 -98
126 443 -98
137 325 -98
9 133 -98
368 438 -98
81 264 -98
476 113 -98
392 182 -98
11 373 -98
228 254 -98
70 362 -98
167 219 -98
324 146 -98
312 379 -98
24 100 -98
301 469 -98
430 101 -98
88 365 -98
327 308 -98
355 375 -98
357 474 -97
286 51 -97
15 112 -97
132 474 -97
346 269 -97
253 295 -97
244 478 -97
236 454 -97
11 106 -97
307 191 -97
411 1 -97
152 357 -97
301 178 -97
59 477 -96
200 237 -96
9 234 -96
39 101 -96
70 6 -96
379 363 -96
175 430 -96
12 346 -96
76 33 -96
447 284 -96
466 176 -96
111 398 -96
467 22 -96
35 64 -96
354 297 -96
462 18 -96
135 270 -96
458 77 -95
301 24 -95
71 285 -95
412 171 -95
346 175 -95
293 216 -95
372 229 -95
47 340 -95
201 156 -95
50 256 -95
487 169 -95
213 59 -95
311 370 -95
410 261 -95
94 289 -94
389 220 -94
263 198 -94
317 227 -94
299 373 -94
61 84 -94
479 181 -94
